image_width: 1920
image_height: 1080
camera_name: head_camera
camera_matrix:
  rows: 3
  cols: 3
  data: [1490.663032880639, 0, 1003.469233678899, 0, 1494.24369798834, 552.0530027599729, 0, 0, 1]
distortion_model: plumb_bob
distortion_coefficients:
  rows: 1
  cols: 5
  data: [0.03733008420895219, -0.0603168256391308, -0.001795306861096072, 0.006119333376190569, 0]
rectification_matrix:
  rows: 3
  cols: 3
  data: [1, 0, 0, 0, 1, 0, 0, 0, 1]
projection_matrix:
  rows: 3
  cols: 4
  data: [1495.942138671875, 0, 1015.115682338728, 0, 0, 1510.211791992188, 549.8179436449209, 0, 0, 0, 1, 0]