image_width: 1920
image_height: 1080
camera_name: head_camera
camera_matrix:
  rows: 3
  cols: 3
  data: [2086.911308, 0.000000, 1097.840552, 0.000000, 2083.530426, 484.471409, 0.000000, 0.000000, 1.000000]
distortion_model: plumb_bob
distortion_coefficients:
  rows: 1
  cols: 5
  data: [0.336530, -0.415969, -0.012291, 0.018199, 0.000000]
rectification_matrix:
  rows: 3
  cols: 3
  data: [1.000000, 0.000000, 0.000000, 0.000000, 1.000000, 0.000000, 0.000000, 0.000000, 1.000000]
projection_matrix:
  rows: 3
  cols: 4
  data: [2199.661377, 0.000000, 1112.823955, 0.000000, 0.000000, 2209.316895, 477.330847, 0.000000, 0.000000, 0.000000, 1.000000, 0.000000]
