image_width: 1280
image_height: 720
camera_name: head_camera
camera_matrix:
  rows: 3
  cols: 3
  data: [974.819815032033, 0, 627.9225627889672, 0, 977.4722385436961, 338.5457747092205, 0, 0, 1]
distortion_model: plumb_bob
distortion_coefficients:
  rows: 1
  cols: 5
  data: [0.006257020958095704, -0.0578270167488671, -0.01261493945350783, -0.002048458936741702, 0]
rectification_matrix:
  rows: 3
  cols: 3
  data: [1, 0, 0, 0, 1, 0, 0, 0, 1]
projection_matrix:
  rows: 3
  cols: 4
  data: [969.0097045898438, 0, 624.0063763544822, 0, 0, 976.3497314453125, 331.9828012219514, 0, 0, 0, 1, 0]