image_width: 1280
image_height: 720
camera_name: narrow_stereo
camera_matrix:
  rows: 3
  cols: 3
  data: [1004.565637, 0.000000, 636.404690, 0.000000, 1004.515053, 401.996173, 0.000000, 0.000000, 1.000000]
distortion_model: plumb_bob
distortion_coefficients:
  rows: 1
  cols: 5
  data: [0.034210, -0.049045, 0.009773, -0.000302, 0.000000]
rectification_matrix:
  rows: 3
  cols: 3
  data: [1.000000, 0.000000, 0.000000, 0.000000, 1.000000, 0.000000, 0.000000, 0.000000, 1.000000]
projection_matrix:
  rows: 3
  cols: 4
  data: [1014.797119, 0.000000, 635.473235, 0.000000, 0.000000, 1010.503113, 407.472741, 0.000000, 0.000000, 0.000000, 1.000000, 0.000000]
