image_width: 1280
image_height: 720
camera_name: head_camera
camera_matrix:
  rows: 3
  cols: 3
  data: [1012.447890, 0.000000, 639.083089, 0.000000, 1011.633772, 376.149605, 0.000000, 0.000000, 1.000000]
distortion_model: plumb_bob
distortion_coefficients:
  rows: 1
  cols: 5
  data: [0.023916, -0.027509, -0.002789, 0.001118, 0.000000]
rectification_matrix:
  rows: 3
  cols: 3
  data: [1.000000, 0.000000, 0.000000, 0.000000, 1.000000, 0.000000, 0.000000, 0.000000, 1.000000]
projection_matrix:
  rows: 3
  cols: 4
  data: [1018.737000, 0.000000, 640.076051, 0.000000, 0.000000, 1017.392334, 373.650156, 0.000000, 0.000000, 0.000000, 1.000000, 0.000000]
